# Created by Octave 3.6.2, Tue Sep 18 19:17:58 2012 EEST <ego@i5>

# name: C
# type: matrix
# rows: 3
# columns: 3
 1 1 1
 1 0 0
 1 1 1


# name: F
# type: matrix
# rows: 3
# columns: 3
 1 1 1
 1 1 0
 1 0 0


# name: X
# type: matrix
# rows: 3
# columns: 3
 1 0 1
 0 1 0
 1 0 1


